32
0
0
0
43
32
43
32
43
32
43
32
43
32
43
32
43
32
43
32
43
32
43
32
43
32
43
32
43
32
42
32
43
32
43
32
49
32
0
32
0
42
32
43
32
43
32
42
32
43
32
42
32
43
32
42
32
42
32
43
32
43
32
43
32
43
32
42
32
43
32
41
32
24
32
0
64
0
43
32
43
32
43
32
43
32
43
32
43
32
43
32
43
32
43
32
42
32
43
32
44
32
43
32
43
32
43
32
43
32
240
512
0
96
0
43
32
43
32
100
200
100
32
43
32
43
32
42
32
43
32
43
32
43
32
42
32
43
32
43
32
43
32
42
32
42
32
186
32
0
128
0
43
32
43
32
43
32
44
32
43
32
43
32
42
32
43
32
42
32
43
32
43
32
43
32
43
32
45
32
43
32
42
32
176
32
0
160
0
43
32
45
32
42
32
43
32
42
32
42
32
43
32
43
32
43
32
42
32
42
32
42
32
43
32
42
32
42
32
43
32
150
32
0
192
0
43
32
42
32
43
32
43
32
43
32
43
32
42
32
43
32
43
32
43
32
42
32
41
32
43
32
43
32
43
32
43
32
117
32
0
224
0
43
32
42
32
43
32
43
32
43
32
43
32
43
32
43
32
43
32
43
32
43
32
42
32
43
32
43
32
42
32
43
32
83
32
1
0
0
43
32
43
32
43
32
43
32
39
32
42
32
45
32
43
32
43
32
43
32
43
32
43
32
43
32
43
32
43
32
42
32
51
32
1
32
0
43
32
43
32
43
32
43
32
43
32
43
32
43
32
43
32
43
32
43
32
43
32
43
32
43
32
42
32
44
32
42
32
16
32
1
64
0
42
32
43
32
43
32
43
32
43
32
43
32
42
32
43
32
43
32
44
32
43
32
43
32
43
32
43
32
43
32
43
32
240
32
1
96
0
42
32
43
32
43
32
43
32
43
32
43
32
42
32
43
32
43
32
43
32
43
32
43
32
43
32
43
32
43
32
43
32
209
32
1
128
0
42
32
42
32
43
32
43
32
43
32
43
32
42
32
43
32
43
32
42
32
43
32
42
32
43
32
42
32
43
32
42
32
182
32
1
160
0
43
32
43
32
43
32
43
32
43
32
43
32
43
32
43
32
43
32
43
32
43
32
43
32
43
32
43
32
43
32
43
32
143
32
1
192
0
43
32
43
32
43
32
43
32
43
32
43
32
43
32
39
32
43
32
44
32
42
32
43
32
43
32
43
32
42
32
43
32
116
32
1
224
0
43
32
43
32
43
32
43
32
39
32
43
32
43
32
43
32
43
32
43
32
43
32
255
255
255
255
32
40
17
39
2
33
43
32
2
0
0
255
255
255
255
32
40
17
39
2
33
44
32
43
32
43
32
43
32
43
32
43
32
43
32
44
32
47
32
43
32
42
32
1
32
2
32
0
43
32
43
32
43
32
43
32
43
32
43
32
43
32
42
32
40
32
43
32
43
32
43
32
43
32
43
32
43
32
43
32
18
