64
0
0
0
75
64
75
64
75
64
75
64
75
64
75
64
75
64
75
64
75
64
75
64
75
64
75
64
75
64
74
64
75
64
75
64
97
64
0
64
0
74
64
75
64
75
64
74
64
75
64
74
64
75
64
74
64
74
64
75
64
75
64
75
64
75
64
74
64
75
64
73
64
40
64
0
128
0
75
64
75
64
75
64
75
64
75
64
75
64
75
64
75
64
75
64
74
64
75
64
76
64
75
64
75
64
75
64
75
64
480
2048
0
192
0
75
64
75
64
196
392
196
64
75
64
75
64
74
64
75
64
75
64
75
64
74
64
75
64
75
64
75
64
74
64
74
64
362
64
0
256
0
75
64
75
64
75
64
76
64
75
64
75
64
74
64
75
64
74
64
75
64
75
64
75
64
75
64
77
64
75
64
74
64
352
64
0
320
0
75
64
77
64
74
64
75
64
74
64
74
64
75
64
75
64
75
64
74
64
74
64
74
64
75
64
74
64
74
64
75
64
294
64
0
384
0
75
64
74
64
75
64
75
64
75
64
75
64
74
64
75
64
75
64
75
64
74
64
73
64
75
64
75
64
75
64
75
64
229
64
0
448
0
75
64
74
64
75
64
75
64
75
64
75
64
75
64
75
64
75
64
75
64
75
64
74
64
75
64
75
64
74
64
75
64
163
64
1
0
0
75
64
75
64
75
64
75
64
71
64
74
64
77
64
75
64
75
64
75
64
75
64
75
64
75
64
75
64
75
64
74
64
99
64
1
64
0
75
64
75
64
75
64
75
64
75
64
75
64
75
64
75
64
75
64
75
64
75
64
75
64
75
64
74
64
76
64
74
64
32
64
1
128
0
74
64
75
64
75
64
75
64
75
64
75
64
74
64
75
64
75
64
76
64
75
64
75
64
75
64
75
64
75
64
75
64
480
64
1
192
0
74
64
75
64
75
64
75
64
75
64
75
64
74
64
75
64
75
64
75
64
75
64
75
64
75
64
75
64
75
64
75
64
417
64
1
256
0
74
64
74
64
75
64
75
64
75
64
75
64
74
64
75
64
75
64
74
64
75
64
74
64
75
64
74
64
75
64
74
64
358
64
1
320
0
75
64
75
64
75
64
75
64
75
64
75
64
75
64
75
64
75
64
75
64
75
64
75
64
75
64
75
64
75
64
75
64
271
64
1
384
0
75
64
75
64
75
64
75
64
75
64
75
64
75
64
71
64
75
64
76
64
74
64
75
64
75
64
75
64
74
64
75
64
228
64
1
448
0
75
64
75
64
75
64
75
64
71
64
75
64
75
64
75
64
75
64
75
64
75
64
495
495
495
495
64
72
33
71
2
65
75
64
2
0
0
495
495
495
495
64
72
33
71
2
65
76
64
75
64
75
64
75
64
75
64
75
64
75
64
76
64
79
64
75
64
74
64
1
64
2
64
0
75
64
75
64
75
64
75
64
75
64
75
64
75
64
74
64
72
64
75
64
75
64
75
64
75
64
75
64
75
64
75
64
34
